0
36.727686
37.4776
36.910109
28.4759
36.9225
30.3392
31.1608
31.1289
32.9926
36.1468
25.86698
36.03993
38.4774
28.8826
31.312381
33.86419
33.400633
36.1893
37.097427
36.469612
30.870659
32.461496
37.013904
35.249405
34.091741
33.3828
34.057513
38.2498
32.310011
31.999691
33.3761
38.2669
29.9124
28.4414
34.782413
32.942799
32.006609
37.561495
34.522984
37.263178
38.4291
37.08641
37.759
33.4557
36.551321
36.702506
31.603498
29.2331
31.523135
34.9072
34.516388
29.106
27.1865
27.4761
37.473182
28.9684
30.0542
29.5791
36.774086
26.9521
26.557918
30.556546
36.901237
35.9975
35.26218
29.92266
30.361005
27.199076
31.870913
30.5959
36.692347
35.8727
39.379613
32.866277
37.47473
37.3404
29.269896
31.965232
33.8973
33.868447
37.846331
36.286395
35.7669
36.521
25.2919
32.768248
36.654996
30.746
32.46668
36.645462
27.482317
35.718418
36.167905
28.751944
32.988707
37.444466
33.144468
31.94004
30.794901
35.278
32.6941
33.9905
27.8399
32.381577
35.9139
30.3586
33.497135
32.79978
35.282187
31.1447
30.898854
32.657218
37.076448
35.7255
28.026114
34.1094
35.552224
29.1266
33.8272
28.9502
32.555301
35.1141
28.8713
32.940979
35.70685
34.503834
32.256941
37.231209
28.098699
28.9383
34.018498
36.686418
35.018907
28.8438
35.756736
37.224
37.272593
36.727341
36.987004
35.218242
27.2083
27.669664
39.0215
34.1421
37.685846
33.453702
37.071805
34.352865
37.250042
36.8427
31.446858
33.604956
28.3091
28.357352
34.799216
34.2721
35.962
37.79658
37.4779
30.2363
38.248156
31.4619
33.6374
27.202446
31.834079
28.5
36.950122
27.828167
25.645335
34.8067
28.6535
36.636188
38.9404
36.641152
35.2084
27.9519
37.37899
36.995322
38.865089
34.7956
27.834
34.5043
35.832664
33.997284
35.23831
29.205
29.619491
34.2842
30.283209
34.314167
35.253952
37.6189
28.221072
29.498959
36.1189
39.1489
33.642255
32.685604
34.3928
27.8913
33.487778
36.20898
30.44079
28.6543
33.775123
34.576299
33.220521
38.5503
34.7193
25.3604
36.793068
31.410293
33.533349
37.207318
32.329
27.334
37.197006
30.8949
31.51338
36.7499
33.911083
36.631907
36.7444
39.295126
35.6659
34.301579
37.142585
35.305553
27.406976
37.392063
38.4329
37.904096
35.518287
29.8742
37.3631
36.315591
30.245844
31.9364
35.710714
33.1222
31.585255
38.399
36.410919
32.250137
36.966671
37.421
27.131043
37.230147
32.346508
28.668767
27.5552
31.5851
32.860061
34.190877
32.6344
38.4269
36.9553
28.952159
35.562102
33.51118
35.954109
31.541853
36.650786
36.707917
29.1988
26.2258
38.0346
36.213288
36.649
36.571681
34.0734
30.114052
30.759722
37.5553
37.0397
37.915037
36.8211
35.478544
39.6482
35.0434
36.701
35.308
39.348
33.152492
36.117874
36.48144
33.726539
27.5236
32.2064
37.2187
38.8915
34.5156
36.2797
26.9492
28.4825
34.6401
35.1664
37.105997
29.2912
30.4067
31.279972
37.015976
36.917956
30.893145
26.236817
37.276108
34.7153
31.265625
35.3866
35.593545
37.549758
35.4846
34.975119
27.441937
37.137612
30.079207
36.21412
30.6131
34.4813
38.1973
35.314948
36.2463
38.1513
37.9408
33.5639
33.767724
36.5449
33.86017
32.575658
36.1552
26.4559
36.563319
34.461092
35.3126
29.2735
35.0213
31.414183
35.576915
30.260612
39.06508
38.1804
30.64924
37.1702
36.6793
32.857879
34.992045
30.1165
30.054072
32.325556
27.683362
35.7214
32.0089
35.658842
36.418189
32.045392
33.9276
29.610308
37.396693
39.2192
32.1942
32.049721
37.153284
26.516143
29.437045
30.863928
36.403524
34.7837
35.4633
37.301339
36.594884
27.2855
30.4551
31.563497
33.595856
38.08
34.693066
31.76056
35.8044
36.4009
36.0696
36.174486
34.74
34.7387
35.705
32.7026
36.816259
35.274007
35.244
36.3104
34.550998
35.3242
38.675485
30.668237
31.897222
31.0306
27.130999
29.4963
36.676421
30.812709
32.3897
36.426221
30.894
