0
51.105737
45.8943
54.867366
57.848
48.9745
48.3043
52.6506
53.2824
47.4198
49.218
55.023633
50.531015
47.0699
51.2746
48.677175
48.262576
49.694901
50.0643
50.186522
52.350724
55.270247
48.353677
54.455042
52.494216
49.689164
46.5983
51.482912
48.2933
54.017474
50.662308
52.3694
48.283
53.3085
56.3728
48.120118
59.719977
54.214251
56.921249
50.00608
49.943248
48.872
55.172224
45.9783
49.4555
52.678951
52.6576
55.402492
56.6022
49.886239
48.4414
58.184504
58.357
56.2808
52.6074
49.457853
50.8385
50.159
50.517
53.947981
55.5851
54.880669
49.188519
54.071948
45.8853
57.970745
56.574335
51.157351
54.366761
56.024332
50.2417
53.552617
47.6029
48.354626
59.221139
57.329031
46.0561
51.218803
51.287295
48.7516
57.428851
46.835416
58.585864
50.0578
46.2089
60.643
50.628733
51.420397
50.746
50.123084
59.121232
59.446559
52.069575
54.342924
54.544444
50.41267
59.108087
47.379903
51.647861
50.564575
47.4184
47.2679
50.6838
51.9378
48.40585
47.0239
50.7981
49.057768
51.695527
59.519719
61.7925
52.697011
51.677608
57.510086
50.3662
58
46.5275
51.235036
54.0421
46.3097
58.885
51.509735
48.9718
52.0916
50.121
59.85006
49.684367
50.560955
58.219004
57.231814
53.6482
58.172222
52.522548
58.783433
52.5707
52.770624
49.3125
55.433939
53.808879
56.289424
52.340849
53.0361
54.135859
48.0801
45.9203
48.342035
50.288361
54.076543
58.683647
55.167208
54.443907
49.529508
59.993404
55.9017
54.423346
48.514556
47.5861
50.6799
48.905209
47.0508
49.7119
47.116777
48.074
46.4227
60.684758
49.867246
53.5605
56.380045
52.325358
57.775524
46.4913
57.7646
57.072836
45.6308
52.912443
48.724
57.6996
55.493002
59.764721
47.039091
46.9355
52.0628
47.9653
50.991545
51.441575
58.465575
52.6899
51.654147
46.2423
57.07879
47.065
58.285658
48.5258
61.215819
53.311989
48.5894
47.0347
50.078898
51.536093
49.1841
53.4344
48.355833
49.19152
48.184283
51.38
55.083294
60.14093
50.314969
44.9521
49.3268
60.3995
54.112135
56.282547
47.609989
50.003971
49.0936
53.179
50.153508
50.0931
50.82672
45.7229
50.453168
52.262858
47.6725
44.498216
50.9767
48.821656
46.103447
50.499199
57.501278
46.239093
45.7749
55.955965
46.182978
52.8025
49.1329
59.567964
51.522326
49.3039
53.353937
46.1646
54.441484
47.682
55.650182
54.016585
46.109612
47.715
57.087159
55.372111
51.504494
59.073411
52.8836
48.885
53.087491
48.374458
51.3668
48.4839
45.388
58.697732
51.16133
51.918082
50.606075
60.036485
53.299048
57.421461
54.3278
60.2143
47.9986
58.795755
51.496
52.015305
47.9725
51.521744
49.705
45.0724
45.0983
46.122576
49.4264
51.683396
47.9174
46.3565
45.1413
51.7267
45.071
47.710136
53.05531
52.891093
59.184393
57.8811
49.4437
47.2167
45.0255
45.5791
50.0049
56.2691
53.0346
50.8764
47.8045
58.509547
56.9131
55.9939
49.603511
55.141226
50.648016
49.407868
61.399009
49.58862
46.6533
56.80545
49.0338
51.439966
49.137029
51.0829
59.624818
57.19198
50.288001
53.134639
57.677047
53.1954
47.6908
44.7653
46.998831
46.2665
48.0708
47.5367
48.0221
46.565777
61.1577
58.521659
59.798205
45.4788
57.9028
53.060087
45.862644
46.3669
53.2203
50.3566
51.569443
53.392046
51.984243
44.384157
45.7028
48.664969
49.3998
46.5669
51.552904
60.31714
55.1186
54.372938
50.864444
54.34172
51.109
51.8668
51.05775
54.976282
50.817135
49.4116
52.531135
57.929517
44.77
48.2436
48.848429
49.871361
57.101941
55.680229
51.455901
58.038935
47.6004
53.214
49.315038
53.207623
61.9965
53.651
48.189576
56.924368
46.2919
50.016007
54.223034
51.4256
47.1133
49.6959
50.769083
60.7756
46.1496
51.4216
51.1537
50.873763
59.219487
60.6225
59.3735
48.443531
51.6457
46.112051
51.587963
54.3675
61.4949
61.674446
60.8629
48.496282
56.563993
51.3766
48.281583
61.6804
